0 1429850
1 483989
2 427529
3 185120
4 124473
5 126897
6 109477
7 89449
8 99771
9 50531
10 36015
11 43919
12 35230
13 25277
14 28412
15 26255
16 23016
17 26231
18 22665
19 20238
20 20667
21 17770
22 15282
23 16976
24 18322
25 16372
26 18791
27 10398
28 8186
29 10034
30 7652
31 5629
32 7181
33 8114
34 6521
35 8016
36 6933
37 5207
38 6776
39 5597
40 3887
41 4478
42 4601
43 4070
44 4758
45 4170
46 3637
47 3904
48 3715
49 3278
50 3834
51 4104
52 3658
53 4268
54 3793
55 3305
56 3609
57 3488
58 3054
59 3374
60 3217
61 2792
62 3113
63 2756
64 2407
65 2736
66 2492
67 2150
68 2381
69 2532
70 2217
71 2528
72 2699
73 2411
74 2677
75 2491
76 2217
77 2503
78 2748
79 2482
80 2812
81 1507
82 1215
83 1455
84 1221
85 976
86 1225
87 1412
88 1155
89 1419
90 1112
91 813
92 1033
93 838
94 608
95 808
96 960
97 774
98 988
99 1108
100 921
101 1085
102 937
103 753
104 953
105 1102
106 919
107 1128
108 1029
109 800
110 1003
111 831
112 614
113 817
114 979
115 792
116 995
117 867
118 641
119 850
120 677
121 450
122 527
123 558
124 488
125 574
126 564
127 499
128 552
129 525
130 459
131 540
132 576
133 509
134 599
135 510
136 443
137 473
138 445
139 390
140 429
141 431
142 405
143 445
144 447
145 392
146 433
147 411
148 357
149 422
150 457
151 402
152 470
153 481
154 427
155 467
156 446
157 393
158 459
159 497
160 445
161 514
162 448
163 392
164 430
165 407
166 354
167 393
168 398
169 373
170 413
171 419
172 364
173 405
174 385
175 333
176 373
177 379
178 353
179 394
180 358
181 333
182 328
183 298
184 274
185 299
186 320
187 297
188 325
189 294
190 265
191 290
192 266
193 240
194 266
195 288
196 266
197 293
198 276
199 246
200 274
201 253
202 224
203 250
204 270
205 242
206 271
207 289
208 262
209 285
210 261
211 235
212 260
213 285
214 260
215 288
216 310
217 282
218 306
219 283
220 258
221 283
222 304
223 283
224 309
225 293
226 264
227 291
228 271
229 243
230 270
231 291
232 262
233 292
234 313
235 285
236 311
237 292
238 265
239 293
240 317
241 291
242 322
243 156
244 129
245 152
246 130
247 106
248 130
249 148
250 124
251 149
252 128
253 102
254 128
255 109
256 86
257 111
258 130
259 105
260 131
261 148
262 124
263 144
264 123
265 100
266 122
267 144
268 122
269 147
270 115
271 92
272 113
273 85
274 63
275 82
276 99
277 81
278 100
279 83
280 63
281 82
282 64
283 44
284 62
285 78
286 61
287 79
288 93
289 76
290 92
291 77
292 60
293 78
294 94
295 77
296 95
297 107
298 90
299 106
300 91
301 74
302 90
303 104
304 89
305 105
306 92
307 75
308 91
309 76
310 59
311 77
312 93
313 76
314 94
315 108
316 91
317 107
318 92
319 75
320 93
321 109
322 92
323 110
324 98
325 79
326 97
327 80
328 61
329 79
330 95
331 78
332 96
333 81
334 62
335 80
336 63
337 44
338 62
339 78
340 61
341 79
342 93
343 76
344 92
345 77
346 60
347 78
348 94
349 77
350 95
351 82
352 63
353 81
354 64
355 45
356 63
357 79
358 62
359 80
360 65
361 46
362 64
363 47
364 28
365 33
366 36
367 32
368 37
369 38
370 34
371 37
372 35
373 31
374 36
375 39
376 35
377 40
378 39
379 35
380 38
381 36
382 32
383 35
384 36
385 34
386 37
387 37
388 33
389 36
390 34
391 30
392 35
393 38
394 34
395 39
396 40
397 36
398 39
399 37
400 33
401 38
402 41
403 37
404 42
405 39
406 35
407 38
408 36
409 32
410 35
411 36
412 34
413 37
414 37
415 33
416 36
417 34
418 30
419 33
420 34
421 32
422 35
423 34
424 32
425 33
426 33
427 31
428 34
429 35
430 33
431 36
432 38
433 34
434 37
435 35
436 31
437 34
438 35
439 33
440 36
441 36
442 32
443 35
444 33
445 29
446 34
447 37
448 33
449 38
450 39
451 35
452 38
453 36
454 32
455 37
456 40
457 36
458 41
459 40
460 36
461 39
462 37
463 33
464 36
465 37
466 35
467 38
468 38
469 34
470 37
471 35
472 31
473 36
474 39
475 35
476 40
477 41
478 37
479 40
480 38
481 34
482 39
483 42
484 38
485 43
486 37
487 33
488 36
489 34
490 30
491 33
492 34
493 32
494 35
495 35
496 31
497 34
498 32
499 28
500 31